515	940	561.5	679	177	0	265.1099	0.04	0.37	0.4172	0.4172	0.0105	0.0108	0.0108	-1.3945	0.4172	260.2346	1.4703	0.0046	0.6375	0.2667	0	0	1.0187	-1.5708	254.5	6.5	62.75	173.5
576.5	1005.5	575.5	758	338	7372	247.502	0.0222	0.2318	0.8164	0.8164	0.0257	0.0508	0.0508	-1.5748	0.8164	246.1804	0.7283	0.0173	0.65	0.2667	0	0	1.0054	-2.8199	242.5	18.9379	109.0002	191.5
556	879.5	572.5	633.2758	435	0	246.7764	0.0161	0.1603	0.3149	0.3149	0.0106	0.0154	0.0154	-1.5039	0.3149	248.7908	0.5719	0.0025	0.6125	0.2667	0	0	0.9919	-1.5708	246	49.4	159	234.1055
509	825	551	465	367	0	362.4417	0.02	0.2231	0.7393	0.7393	0.0247	0.0404	0.0404	-1.4547	0.7393	368.4956	1.0041	0.0134	0.6625	0.2667	0	0	0.9836	-1.8261	357	59	248.1715	324.5
491	798	496	559.5	267	434	238.5524	0.0278	0.2914	0.6469	0.6469	0.022	0.0242	0.0242	-1.5498	0.6469	236.8895	0.8872	0.009	0.675	0.2667	0	0	1.007	-1.5708	235	32.4739	131.5	210.4742
554.5	538	472.5	811.5	1450	918	285.528	0.007	0.0454	0.4115	0.4115	0.0183	0.0272	0.0272	1.8621	0.4115	290.914	0.2006	0.0031	0.6875	0.3333	0	1	0.9815	1.8493	272.1882	108.4212	167.5	193.2
496.5	904.5	511	583	138	0	321.8268	0.0526	0.8936	1.4622	1.4622	0.0583	0.0905	0.0905	-1.5257	1.4622	318.1892	2.3057	0.0308	0.6375	0.2667	0	0	1.0114	-1.1072	314	7	108	209.7
457	768.5	499.5	519	408	0	253.0939	0.0175	0.1317	0.4482	0.4482	0.0172	0.0255	0.0255	-1.4021	0.4482	251.6263	0.6167	0.0092	0.6625	0.2667	0	0	1.0058	-1.5708	247.5	31.8	152.75	222.6
456	781	494	556.3613	1721	443	227.8301	0.0068	0.0846	0.6737	0.6737	0.028	0.0371	0.0371	-1.4032	0.6737	528.4814	0.3071	0.0038	0.6625	0.2667	0	0	0.4311	-1.5708	224.5	58.0814	155.5	201.4887
569	881.5	597	551	299	0	331.684	0.025	0.1538	0.8345	0.8345	0.0386	0.0433	0.0433	-1.4863	0.8345	336.0843	1.124	0.0169	0.65	0.2667	0	0	0.9869	-2.4669	327	33	215.5	315
562	870	595.5	546	299	535	325.7273	0.0244	0.263	0.8522	0.8522	0.0358	0.0426	0.0426	-1.4678	0.8522	331.1906	1.1077	0.0197	0.6625	0.2667	0	0	0.9835	-1.5708	322.5795	35.4122	180.5441	299.1
487	849.5	582.5	508.5	126	0	354.1204	0.0714	0.3872	0.6668	0.6668	0.0178	0.0178	0.0178	-1.2977	0.6668	318.2093	2.5255	0.0178	0.65	0.2667	0	0	1.1129	-1.3259	306	2.0802	85	229.8
615	492.5	486.5	775	1570	661	310.3522	0.0055	0.0744	0.7469	0.7469	0.0352	0.0436	0.0436	1.9977	0.7469	593.4159	0.378	0.0088	0.625	0.2667	0	1	0.523	1.8491	426.25	187.12	232	404.7179
545	674	488.5	986.5	448	1248	317.5665	0.0154	0.1357	0.6713	0.6713	0.0264	0.0409	0.0409	1.7497	0.6713	318.1357	0.7101	0.0149	0.65	0.2667	0	1	0.9982	1.8158	310.5	75.389	211.3684	284.5
598.5	527	448	1008.5	483	286	504.4725	0.0143	0.223	1.2458	1.2458	0.0503	0.0673	0.0673	1.8737	1.2458	513.3466	1.0628	0.0256	0.6875	0.3333	0	1	0.9827	1.5708	481	97.1851	363.5	464.6022
559.5	566	456	854.25	517	252	306.2684	0.0133	0.0797	0.6376	0.6376	0.028	0.0699	0.0699	1.9155	0.6376	310.2818	0.6002	0.0062	0.7125	0.3333	0	1	0.9871	1.9513	288	74.7491	261.4831	283.1089
459	870	495.5	507	306	0	364.8304	0.0217	0.2987	0.8312	0.8312	0.0282	0.0445	0.0445	-1.4706	0.8312	367.128	1.1998	0.0169	0.675	0.2667	0	0	0.9937	-1.5708	362.3575	45.4	210.5	316.5988
477.5	897	473.5	576.5	298	1028	320.525	0.0233	0.2808	0.6419	0.6419	0.0216	0.037	0.037	-1.5833	0.6419	322.1387	1.081	0.0113	0.65	0.2667	0	0	0.995	-2.0344	316.5	29.5	168.6868	272.5598
440.5	822	467.5	365.5	110	0	457.2978	0.0667	0.8667	1.7861	1.7861	0.0798	0.1047	0.1047	-1.5117	1.7861	458.4419	4.1677	0.0735	0.675	0.3333	0	0	0.9975	-1.5708	453.5	0.5	68.6239	286
589.5	438	535	601	87	2609	171.8699	0.0909	0.1306	1.539	1.539	0.0799	0.0843	0.0843	1.8935	1.539	168.0051	1.9311	0.0843	0.6	0.2667	0	1	1.023	2.0344	159	2.718	43.9676	142.7
614.5	806	619.5	601.5	75	733	204.5611	0.1111	0.5152	0.8113	0.8113	0.0529	0.0529	0.0529	-1.5464	0.8113	172.3616	2.2982	0.0529	0.5625	0.2667	0	0	1.1868	-1.3258	172.2018	0.8295	14.8992	105.1
712.5	328	570.5	697.5	635	2158	395.8462	0.0111	0.0935	1.6931	1.6931	0.081	0.0932	0.0932	1.9377	1.6931	394.5335	0.6213	0.0575	0.65	0.2667	0	1	1.0033	2.3562	362	65	125.5	148
509.5	524	368.5	845.5	88	0	351.0602	0.0667	1.1217	2.1214	2.1214	0.0926	0.1348	0.1348	1.9841	2.1214	352.4836	4.0055	0.0849	0.625	0.2667	0	1	0.996	2.1588	320.7914	4.5	106.8124	265.5
473.5	675	623.5	220	696	9304	479.0877	0.0111	0.1456	0.8918	0.8918	0.0378	0.0469	0.0469	-1.2523	0.8918	490.1726	0.7043	0.0105	0.7125	0.2667	0	0	0.9774	3.1416	450.3084	205	279.5	313.5
582.5	243.5	372	477	68	573	314.3764	0.1	1.5592	1.7723	1.7723	0.0592	0.0592	0.0592	2.3044	1.7723	311.315	4.5782	0.0592	0.6375	0.2667	0	1	1.0098	2.415	230.5405	4	59.5	165.5
370.5	781	382	633	44	448	148.4461	0.1429	0.3703	0.4697	0.4697	0.0056	0.0056	0.0056	-1.4932	0.4697	146.696	3.334	0.0056	0.6	0.2667	0	0	1.0119	-1.5708	146.1571	1.9601	35.2923	113.5
520.5	340	325	624.5	65	540	345.1963	0.125	0.5934	4.1658	4.1658	0.2069	0.2069	0.2069	2.1729	4.1658	261.347	4.0207	0.2069	0.675	0.3333	0	1	1.3208	2.3562	210.5	6.519	71.5	158.3682
382.5	872	454	531.5	67	403	347.926	0.1111	0.1498	2.5193	2.5193	0.1067	0.1598	0.1598	-1.3638	2.5193	251.2571	3.7501	0.1598	0.6375	0.2667	0	0	1.3847	-1.3808	248	1.3446	24.2356	123.5529
488.5	730	432	906.0742	518	4504	184.9172	0.0135	0.0738	0.4837	0.4837	0.0201	0.0267	0.0267	1.8813	0.4837	185.6711	0.3584	0.0111	0.6875	0.2667	0	1	0.9959	2.0344	176	59.2869	150	169.4972
568	607.5	426.5	963.25	554	550	382.8581	0.0127	0.1134	0.8207	0.8207	0.0361	0.0453	0.0453	1.9494	0.8207	395.8106	0.7145	0.0191	0.725	0.2667	0	1	0.9673	2.2938	355.5	124.8512	299	349.1657
593.5	712.5	565	774	682	563	67.7827	0.0143	0.0652	0.6516	0.6516	0.029	0.0366	0.0366	2.0047	0.6516	248.3905	0.3642	0.0057	0.5875	0.2667	0	1	0.2729	2.2143	153.7362	80.5664	137	150
493.5	849	523	585	439	0	265.6431	0.0161	0.1519	0.6049	0.6049	0.0297	0.0377	0.0377	-1.4595	0.6049	267.4331	0.6092	0.009	0.6875	0.2667	0	0	0.9933	-1.5708	263	89.2	234.5	256.8
486.5	831.5	503.5	624	142	645	208.1952	0.0476	0.2974	0.7167	0.7167	0.0273	0.035	0.035	-1.4891	0.7167	184.4392	1.2989	0.0185	0.6375	0.2667	0	0	1.1288	-1.5708	183.5	8.5	58.7627	135.8
681	565.5	305.5	563	149	0	375.5083	0.0526	0.4668	0.9955	0.9955	0.0556	0.0573	0.0573	-3.1349	0.9955	347.9215	2.335	0.0339	0.65	0.3333	0	2	1.0793	-2.5702	38	1.5994	17.75	30.4
99	109	90.5	105.5	62	0	9.1924	0.1	0.028	0.0612	0.0612	0.0025	0.003	0.003	-2.751	0.0612	8.2234	0.1326	0.003	0.7375	0.3333	0	2	1.1178	-1.5708	3.2453	0	0.5	2
447.5	779.5	454.5	578.4171	217	0	201.2047	0.0323	0.1601	0.5893	0.5893	0.0276	0.0392	0.0392	-1.536	0.5893	201.531	0.9287	0.0142	0.7125	0.3333	0	0	0.9984	-1.5708	201	20.2	136.0895	194.6336
520.5	908	474	822	1844	0	97.7663	0.0053	0.0925	1.284	1.284	0.059	0.0838	0.0838	-2.0665	1.284	1016.1729	0.5511	0.0125	0.6875	0.3333	0	0	0.0962	-1.7127	342.0568	104.8186	242.7068	311.7
517.5	863.5	539	624	117	626	240.4631	0.0588	0.4723	0.975	0.975	0.0383	0.0396	0.0396	-1.4813	0.975	205.8979	1.7598	0.0323	0.65	0.2667	0	0	1.1679	-1.5708	205	4.1514	52.2652	141.0276
519	894.5	532	756.5	298	1199	138.611	0.0278	0.0932	0.6091	0.6091	0.0286	0.0322	0.0322	-1.4769	0.6091	139.2334	0.4672	0.0176	0.65	0.2667	0	0	0.9955	-0.7854	137.5	14.7	94	131.3
380.5	897.5	510	143.25	417	0	765.2864	0.0172	0.3019	1.209	1.209	0.0521	0.0677	0.0677	-1.4008	1.209	771.205	1.8494	0.016	0.65	0.2667	0	0	0.9923	-1.5708	754	104.8	537.5	739.5
410.5	874.5	473	564.25	316	801	316.4827	0.0222	0.1804	0.9742	0.9742	0.0429	0.0564	0.0564	-1.372	0.9742	317.1239	1.0036	0.024	0.625	0.2667	0	0	0.998	-1.8158	310	28.0391	203.872	303.1798
501.5	440.5	301.5	1048.5	966	2036	640.05	0.0132	0.1481	1.7043	1.7043	0.0842	0.13	0.13	1.8886	1.7043	652.357	0.6753	0.0216	0.6125	0.2667	0	1	0.9811	2.2597	600.8215	228.7	576.5	579.5
380	820.5	521	426.5	195	0	418.4698	0.0385	0.3077	2.5078	2.5078	0.1144	0.1752	0.1752	-1.2271	2.5078	393.7816	2.0194	0.0824	0.5625	0.2667	0	0	1.0627	-1.212	369	4.6	87	220.2909
451	515.5	360	933.5	459	1457	427.7908	0.0159	0.2116	0.7827	0.7827	0.0273	0.0446	0.0446	1.7852	0.7827	428.1568	0.9328	0.0136	0.5625	0.2667	0	1	0.9991	2.2319	416.6599	33.4536	254.2756	350.9
467	496.5	317.5	865.5	434	842	398.1347	0.0161	0.1618	0.674	0.674	0.0258	0.0468	0.0468	1.9557	0.674	400.2861	0.9223	0.0101	0.575	0.2667	0	1	0.9946	1.5708	368.5	39.3829	207.5	348.1
564.5	376	436	920	460	650	558.9707	0.0143	0.2815	0.8504	0.8504	0.0416	0.0526	0.0526	1.8028	0.8504	561.699	1.2211	0.013	0.5875	0.2667	0	1	0.9951	1.5708	543.2955	73.3189	354.5	518
429	876	426.5	878	91	0	3.2016	0.1429	0.0076	0.0076	0.0076	0	0	0	2.4669	0.0076	3.7299	0.041	0	0.675	0.3333	0	2	0.8583	3.1416	1.5768	0	0.25	1.3
248.5	473	220.5	235.75	431	9353	238.8966	0.0179	0.2353	0.3067	0.3067	0.0119	0.0143	0.0143	-1.6883	0.3067	247.0714	0.5733	0.0017	0.775	0.3333	0	0	0.9669	2.5536	237	19.1	179	232.9153
460.5	439	457.5	436	73	519	4.2426	0.125	0.0258	0.0307	0.0307	0.0003	0.0003	0.0003	-2.3562	0.0307	4.8527	0.0665	0.0003	0.7	0.3333	0	0	0.8743	3.1416	2.7243	0	0.5852	2.2
510	680	469.5	861.5	292	0	185.9637	0.027	0.1686	0.5724	0.5724	0.0238	0.0283	0.0283	1.7903	0.5724	189.3983	0.6486	0.0092	0.6875	0.3333	0	1	0.9819	1.5708	181.3529	44.4096	164.7604	178.8
606	699.5	321	733	744	0	286.9621	0.01	0.1185	0.2657	0.2657	0.0097	0.0152	0.0152	3.0246	0.2657	290.4609	0.3904	0.003	0.6125	0.2	0	2	0.988	3.1416	33	18	22.8889	25.5
667.5	809	219	807.5	1262	1742	448.5025	0.006	0.0692	0.5242	0.5242	0.0206	0.0365	0.0365	-3.1382	0.5242	455.4238	0.3609	0.0106	0.6	0.2667	0	2	0.9848	-2.6012	36	0.5	2	18.2
228.5	885.5	578	855	225	957	350.8283	0.0294	0.4537	1.0381	1.0381	0.0371	0.0623	0.0623	-0.087	1.0381	347.5592	1.5447	0.0161	0.625	0.2667	0	3	1.0094	-0.1651	43.5	4.4192	31.8916	40.8916
493.5	945.5	540	616.5	181	560	332.2698	0.0357	0.2637	1.4561	1.4561	0.073	0.0903	0.0903	-1.4304	1.4561	306.0561	1.6909	0.0468	0.6	0.2667	0	0	1.0857	-1.9757	300.3477	7.9941	68.1219	192.1793
507	608.5	474	986.5	290	587	379.4377	0.0244	0.5168	0.9971	0.9971	0.0328	0.053	0.053	1.6579	0.9971	386.1834	1.3317	0.0121	0.625	0.3333	0	1	0.9825	-2.6779	370.5	5.9	128.6155	281.1236
608.5	700	285.25	869.5	961	446	364.9943	0.0075	0.1126	0.9403	0.9403	0.0385	0.0646	0.0646	2.6586	0.9403	464.4805	0.4833	0.0228	0.5875	0.2667	0	2	0.7858	2.678	193	99	169.7496	180.5893
594.5	832	547	753	1120	1255	92.1805	0.0067	0.3234	0.9134	0.9134	0.0311	0.0566	0.0566	-2.1121	0.9134	754.8313	0.674	0.0138	0.6375	0.2667	0	0	0.1221	3.1416	79	2	7.5	38
507.5	962.5	512.5	559	449	381	403.531	0.0147	0.3423	0.6863	0.6863	0.023	0.0383	0.0383	-1.5584	0.6863	405.4847	0.9031	0.0046	0.6375	0.2667	0	0	0.9952	-1.5708	401.5	57.5572	226	349.3167
590	824	333.75	765.5	382	652	262.8428	0.0182	0.1875	0.61	0.61	0.0256	0.0355	0.0355	-2.9171	0.61	264.0434	0.6912	0.0069	0.6375	0.2667	0	2	0.9955	-0.7854	58.5	6.5	43.7883	57
505.5	898.5	340	888.5	367	1487	165.8018	0.0208	0.1921	0.3222	0.3222	0.009	0.0183	0.0183	-3.0812	0.3222	167.2273	0.4557	0.0044	0.625	0.2667	0	2	0.9915	3.1416	10	1.4707	3.1009	7.6797
499	940.5	550.5	366.5	475	2569	576.3057	0.0137	0.2611	0.8292	0.8292	0.0322	0.0502	0.0502	-1.4813	0.8292	562.6205	1.1845	0.0029	0.625	0.2667	0	0	1.0243	-1.5708	557.5	32.1207	251.25	462.6063
223.5	915	582.1968	881.5	816	4597	360.2577	0.0093	0.0633	1.0903	1.0903	0.0435	0.0778	0.0778	-0.0931	1.0903	370.3014	0.4538	0.0238	0.575	0.2667	0	3	0.9729	-2.6779	50.5	23.3	33.5	41.5892
519	984.5	632	933	955	1186	124.1823	0.0094	0.0315	0.2625	0.2625	0.0095	0.0147	0.0147	-0.4276	0.2625	129.544	0.1356	0.0046	0.575	0.2667	0	3	0.9586	-1.5708	51	15.0734	46.5	47.4157
556.5	995	561.5	625.75	609	630	369.2839	0.0116	0.1784	0.5846	0.5846	0.022	0.0344	0.0344	-1.5573	0.5846	370.665	0.6086	0.007	0.6125	0.2667	0	0	0.9963	-1.8158	369	25.0743	176.1131	340.3
549	867	246	850.5	322	0	303.4489	0.0238	0.1577	0.4164	0.4164	0.0113	0.0159	0.0159	-3.0872	0.4164	301.6691	0.9369	0.0053	0.6875	0.2667	0	2	1.0059	-2.9442	17	0.3016	7	12
533	897	247	891.5	324	530	286.0529	0.0227	0.4103	0.5176	0.5176	0.0174	0.0193	0.0193	-3.1224	0.5176	289.9793	0.895	0.0083	0.7125	0.3333	0	2	0.9865	2.6779	15	3.7638	8.5	11.1
541.5	948	531	684.5	240	1510	263.7091	0.0278	0.2959	0.5069	0.5069	0.0151	0.0261	0.0261	-1.6106	0.5069	265.9883	1.1083	0.0069	0.625	0.2667	0	0	0.9914	-1.5708	263.3214	17.2	108	212.1
528.5	919.5	547.5	663.5	268	728	256.7041	0.0256	0.1754	0.4917	0.4917	0.0176	0.0183	0.0183	-1.4967	0.4917	255.6511	0.9539	0.0091	0.65	0.2667	0	0	1.0041	-1.5708	251.5	22.3702	123.1423	204.7
510	999.5	531.5	747	273	1623	253.4137	0.0263	0.1986	0.2455	0.2455	0.0065	0.0187	0.0187	-1.4859	0.2455	248.9326	0.9118	0.0006	0.6	0.2667	0	0	1.018	-1.5708	247	11.9578	92	183.4
452	1020.5	489.5	703.5	214	1927	319.2104	0.0323	0.3815	0.7275	0.7275	0.0277	0.0468	0.0468	-1.453	0.7275	316.9202	1.4809	0.0112	0.675	0.2667	0	0	1.0072	-1.7783	310	23.858	136	258
501.5	1003	508	673.5	196	501	329.5641	0.0345	0.4831	0.713	0.713	0.0217	0.0309	0.0309	-1.5511	0.713	319.2787	1.629	0.0111	0.6625	0.2667	0	0	1.0322	-1.5708	314.9976	9.3921	113.9263	236.2
512	988.5	446	751.5	287	620	246.0183	0.0263	0.2187	0.6855	0.6855	0.0217	0.0399	0.0399	-1.8424	0.6855	254.2611	0.8859	0.0139	0.675	0.2667	0	0	0.9676	-2.2455	232.5	15.028	77	196.2
524.5	920.5	325	856.5	442	497	209.5143	0.0169	0.1589	0.468	0.468	0.0137	0.0227	0.0227	-2.8312	0.468	213.9849	0.4841	0.0098	0.7	0.2667	0	2	0.9791	-2.678	63	9.054	24	56.023
545	718.5	528	895.75	347	7500	178.0634	0.0263	0.1402	0.354	0.354	0.0113	0.0206	0.0206	1.6664	0.354	179.4863	0.5173	0.0017	0.675	0.2667	0	1	0.9921	1.7359	177	11.1003	92.5	170.0024
544.5	729.5	512.5	954	486	1972	226.7692	0.0164	0.1147	0.4242	0.4242	0.0121	0.0259	0.0259	1.7124	0.4242	230.1268	0.4735	0.0088	0.625	0.2667	0	1	0.9854	1.5708	224.5	39.3	171	219.8
514	750	533.5	930.25	399	465	181.3017	0.0196	0.0952	0.2434	0.2434	0.0073	0.0098	0.0098	1.463	0.2434	187.3201	0.4695	0.0036	0.6375	0.2667	0	1	0.9679	1.989	180	25.1611	115.75	170.5
526.5	984	511	831.5	282	0	153.2857	0.027	0.105	0.1896	0.1896	0.0069	0.0082	0.0082	-1.6721	0.1896	151.5942	0.5376	0.0028	0.6125	0.2667	0	0	1.0112	-1.5708	150.5	15	79.75	131.2
543	859	226.5	838.5	379	5680	317.1632	0.0192	0.259	0.4665	0.4665	0.014	0.0217	0.0217	-3.0769	0.4665	322.8279	0.8518	0.0077	0.7	0.3333	0	2	0.9825	3.1416	40.5	9.9948	28	36.8
584	893	337.5	857.5	430	516	249.0432	0.0185	0.118	0.2671	0.2671	0.0075	0.0113	0.0113	-2.9986	0.2671	256.2692	0.596	0.0044	0.7125	0.3333	0	2	0.9718	2.8966	35	1	10.5	30.2
555.5	988	532	750	526	654	239.1574	0.0154	0.148	0.3377	0.3377	0.0118	0.0238	0.0238	-1.6692	0.3377	240.4422	0.4571	0.0043	0.6375	0.2667	0	0	0.9947	-2.0344	237	29	129.25	214.5
565	948	564	810	614	1994	138.0036	0.0137	0.1151	0.1151	0.1151	0.0038	0.0038	0.0038	-1.578	0.1151	138.2364	0.2251	0.0017	0.6	0.2667	0	0	0.9983	-1.5708	137.7505	24.6	72	124.3
560	874	402.5	891	3118	3624	158.4148	0.0049	0.0963	0.3356	0.3356	0.0224	0.024	0.024	3.0341	0.3356	360.4674	0.1156	0.0031	0.7	0.2667	0	2	0.4395	2.9442	36	17	19.3152	29.5
411	1047.5	449.5	700	2390	0	349.6262	0.0043	0.1859	0.5291	0.5291	0.0202	0.0239	0.0239	-1.4605	0.5291	612.8034	0.2564	0.0057	0.5625	0.2667	0	0	0.5705	0	347	66	119.2247	208.2
516	977	294	936	555	588	225.7543	0.0143	0.1868	0.2803	0.2803	0.0093	0.0097	0.0097	-2.959	0.2803	229.383	0.4133	0.0032	0.7625	0.3333	0	2	0.9842	-2.4669	42.5	7.5	32.5	40.5
283.5	1022.5	452.25	999	462	638	170.3784	0.0196	0.2152	0.2935	0.2935	0.0093	0.0093	0.0093	-0.1384	0.2935	170.7755	0.3696	0.0045	0.6	0.2667	0	3	0.9977	0	23.5	0.5301	14.707	23.5
497.5	721.5	486.5	1040	452	856	318.6899	0.0179	0.4769	0.6175	0.6175	0.0208	0.0234	0.0234	1.6053	0.6175	319.016	0.7058	0.0062	0.5875	0.2667	0	1	0.999	1.5708	318	76.4	259.324	306.1
391	897	487.5	983.75	2289	1133	129.7606	0.0092	0.062	0.187	0.187	0.004	0.0107	0.0107	0.7322	0.187	154.3534	0.0674	0.0007	0.625	0.2667	0	3	0.8407	0	93.63	46.6	87.8151	91.5
494	990	543.5	641	362	2382	352.4929	0.0213	0.2662	0.5017	0.5017	0.0138	0.0233	0.0233	-1.4299	0.5017	346.9941	0.9585	0.0073	0.6375	0.2667	0	0	1.0158	-1.5708	341.5	25.1	131.25	282.6967
479	1006.5	482.5	781	206	489	225.5272	0.0357	0.3145	0.3913	0.3913	0.0124	0.0127	0.0127	-1.5553	0.3913	220.8595	1.0721	0.0054	0.6375	0.2667	0	0	1.0211	-1.5708	219.5	12.3815	85.3574	165.6024
488.5	977	348.5	918	247	579	151.9243	0.0303	0.1342	0.1762	0.1762	0.0066	0.0066	0.0066	-2.7428	0.1762	148.7853	0.6024	0.0023	0.6375	0.2667	0	2	1.0211	-2.6779	56	3.8989	20.25	40.0877
468.5	1009	440	802.5	282	497	208.4574	0.0286	0.2055	0.2744	0.2744	0.0092	0.0093	0.0093	-1.7079	0.2744	203.7085	0.7224	0.0047	0.6375	0.2667	0	0	1.0233	-2.0345	201.5	18.5	93.9495	156
523.5	1013	515.5	802.5	267	4579	210.652	0.0294	0.2032	0.5211	0.5211	0.0149	0.0183	0.0183	-1.6088	0.5211	207.7125	0.7779	0.0114	0.65	0.2667	0	0	1.0142	-1.7359	206	18.7384	104	167.7
533.5	958.5	557.5	705.5	333	935	254.1358	0.0217	0.2236	0.3603	0.3603	0.0094	0.0108	0.0108	-1.4762	0.3603	251.8473	0.7563	0.0033	0.6625	0.2667	0	0	1.0091	-1.5708	249.5	36.4428	145	217.6
549	968	533	786	312	782	182.7019	0.0244	0.1283	0.1708	0.1708	0.0068	0.0074	0.0074	-1.6585	0.1708	180.5852	0.5788	0.0012	0.6375	0.2667	0	0	1.0117	-1.5708	179.5	26.0416	102.3727	150.0485
557.5	985.5	552.5	746	339	3195	239.5522	0.0222	0.1632	0.336	0.336	0.0119	0.0203	0.0203	-1.5917	0.336	238.4957	0.7035	0.0005	0.6375	0.2667	0	0	1.0044	-1.5708	237.5	16.5	115.5	205
602	1039.5	590.5	722.5	506	3098	317.2085	0.0152	0.1622	0.4866	0.4866	0.0168	0.0281	0.0281	-1.6071	0.4866	320.34	0.6331	0.0094	0.675	0.2667	0	0	0.9902	-2.2318	314	48.7	166.5	266.5262
522.5	1018	534.5	743.5	316	628	274.7622	0.025	0.1944	0.3728	0.3728	0.0133	0.0166	0.0166	-1.5271	0.3728	274.0756	0.8673	0.006	0.65	0.2667	0	0	1.0025	-1.6615	269	15.5	98	204
532.5	973	537	738.5	384	805	234.5432	0.0196	0.1227	0.3618	0.3618	0.0114	0.0169	0.0169	-1.5516	0.3618	232.1346	0.6045	0.0065	0.65	0.2667	0	0	1.0104	-1.5708	231	34.1559	116.2963	190.9
507	1048	499	835	562	7254	213.1502	0.0137	0.0873	0.1135	0.1135	0.003	0.0068	0.0068	-1.6083	0.1135	213.8092	0.3804	0.0006	0.6125	0.2667	0	0	0.9969	-2.3562	210.5	17.3738	107.422	170.9
488.5	1041	471	853.5	414	488	188.3149	0.0192	0.1113	0.1558	0.1558	0.0039	0.0058	0.0058	-1.6639	0.1558	188.2136	0.4546	0.001	0.6375	0.2667	0	0	1.0005	-0.8961	185.5	17.6322	87.5	153.5
503.5	1014.5	541.5	721	331	5960	295.9497	0.0217	0.2253	0.4693	0.4693	0.0145	0.0463	0.0463	-1.442	0.4693	296.0318	0.8944	0.006	0.625	0.2667	0	0	0.9997	-1.7127	290	21.1008	120.6151	241.0432
527	1008	529	818.5	191	2104	189.5106	0.0385	0.2477	0.4517	0.4517	0.0154	0.0198	0.0198	-1.5602	0.4517	186.6835	0.9774	0.0086	0.6125	0.2667	0	0	1.0151	-1.5708	186.4983	9.3499	70	143.3
426	1069.5	444.5	925.5	238	4172	145.1835	0.0313	0.1743	0.2654	0.2654	0.0107	0.0184	0.0184	-1.443	0.2654	139.4396	0.5859	0.0021	0.625	0.2667	0	0	1.0412	-1.5708	138	4.6717	51	104
489.5	1010	481.5	891	291	4275	119.2686	0.025	0.0927	0.2039	0.2039	0.0055	0.0119	0.0119	-1.6379	0.2039	120.8058	0.4151	0.0034	0.6	0.2667	0	0	0.9873	-1.3734	116	5	47	95.5
501	993.5	483.5	844.5	265	810	150.0242	0.0278	0.1878	0.3042	0.3042	0.0083	0.0168	0.0168	-1.6877	0.3042	147.4091	0.5563	0.0038	0.6125	0.2667	0	0	1.0177	-2.3562	146	11.678	71.5	121.4
514	920.5	506	800	223	1538	120.7653	0.0323	0.1595	0.1951	0.1951	0.004	0.01	0.01	-1.6371	0.1951	118.9579	0.5334	0.0016	0.625	0.2667	0	0	1.0152	-1.5708	118.0485	8.9993	50.3327	91.5058
515	989	514.5	847.5	348	7001	141.5009	0.0233	0.0939	0.35	0.35	0.0115	0.0148	0.0148	-1.5743	0.35	142.5397	0.4096	0.0074	0.5875	0.2667	0	0	0.9927	-2.3562	140	17.3423	71.5017	122.9
518	746	509	887.5	140	9511	141.7859	0.0556	0.1201	0.5015	0.5015	0.0188	0.031	0.031	1.6343	0.5015	124.6221	0.8902	0.0177	0.6125	0.2667	0	1	1.1377	1.8158	121	2.8586	26	71.7
530	729.5	500.5	887.5	67	761	160.7304	0.0833	1.0314	1.2298	1.2298	0.0339	0.0339	0.0339	1.7554	1.2298	155.4315	2.3199	0.0339	0.6125	0.2667	0	1	1.0341	1.7682	152.1365	6.7	60	114.2063
527.5	727	519	870	58	635	143.2524	0.1	0.7106	1.3169	1.3169	0.0527	0.0731	0.0731	1.6302	1.3169	135.6056	2.338	0.0731	0.6125	0.2667	0	1	1.0564	1.6952	135	4	42.5	104
522	723	505.7665	952.1995	113	1163	229.7736	0.0588	0.2481	0.3313	0.3313	0.0151	0.0151	0.0151	1.6415	0.3313	232.2596	2.0554	0.0103	0.6	0.2667	0	1	0.9893	1.8926	228	4.9	82.1601	187.5362
542	688.5	512.5	887.5	101	638	201.1747	0.0714	0.4694	1.2622	1.2622	0.0425	0.049	0.049	1.718	1.2622	197.9999	1.9604	0.0436	0.6	0.2667	0	1	1.016	1.7682	194.5	4.0694	57.5	157.9386
549	704.5	536	856	57	579	152.0567	0.1	1.1503	1.3375	1.3375	0.0312	0.0312	0.0312	1.6564	1.3375	149.2763	2.6189	0.0312	0.5875	0.2667	0	1	1.0186	1.7895	148.5	4.5	62.0386	136
553.5	673.5	536	994.5	118	627	321.4767	0.0667	0.4973	1.06	1.06	0.0496	0.0496	0.0496	1.6253	1.06	215.1262	1.8231	0.0496	0.5875	0.2667	0	1	1.4944	1.8925	211.5	10.5	83.3864	199
332.5	631	530.5	656	287	1171	199.572	0.027	0.2614	0.5362	0.5362	0.0196	0.0342	0.0342	0.1256	0.5362	200.3165	0.698	0.0074	0.4875	0.2	0	3	0.9963	0	26	0	17.8662	25.3
470	494	454.5	892.5	615	486	398.8013	0.0154	0.2711	0.7136	0.7136	0.0237	0.0332	0.0332	1.6097	0.7136	419.464	0.6821	0.0075	0.625	0.2667	0	1	0.9507	2.3563	402.25	57	303.4606	398
550.5	941.5	564.5	669.5	314	0	272.3601	0.0238	0.1431	0.35	0.35	0.0112	0.0197	0.0197	-1.5194	0.35	271.1788	0.8636	0.0061	0.6375	0.2667	0	0	1.0044	-1.8158	268.5	61.3029	152.5	228.524
471	1017.5	524.5	697.5	419	6310	324.4414	0.0189	0.2409	1.5442	1.5442	0.0538	0.0642	0.0642	-1.4051	1.5442	329.1471	0.7856	0.0348	0.675	0.2667	0	0	0.9857	-1.8623	318	32.0489	186	282
496	989.5	493.5	773	199	2466	216.5144	0.0385	0.2792	0.2997	0.2997	0.0086	0.0097	0.0097	-1.5823	0.2997	212.745	1.0691	0.0023	0.625	0.2667	0	0	1.0177	-1.5708	210.5	13.9	72.5	149.8
527	726	524.5	1035.5	210	7643	309.5101	0.0345	0.3311	1.8667	1.8667	0.0653	0.0665	0.0665	1.5789	1.8667	311.6192	1.4839	0.0509	0.625	0.2667	0	1	0.9932	1.8925	304.5	20.5022	150.8848	266.3971
523.5	725.5	531.5	1023	162	742	297.6075	0.0435	0.5307	0.8065	0.8065	0.018	0.018	0.018	1.5439	0.8065	299.4068	1.8482	0.0157	0.575	0.2667	0	1	0.994	1.8158	294	24.5465	148.652	257.7444
503	760.5	419.5	1002.5	277	839	256.0005	0.0263	0.2647	0.5742	0.5742	0.0164	0.0793	0.0793	1.903	0.5742	256.6888	0.9267	0.0108	0.65	0.2667	0	1	0.9973	2.0344	241.5	39.6994	185.5144	232.8
418.5	847.5	504	996.5	168	1223	171.7884	0.0435	0.225	0.6136	0.6136	0.0184	0.1097	0.1097	1.0498	0.6136	166.7659	0.9927	0.0117	0.65	0.2667	0	1	1.0301	1.4601	143.5	1.8703	29.8332	101.7877
541.5	923.5	502	763.5	311	0	164.8037	0.025	0.1833	0.1995	0.1995	0.0063	0.0068	0.0068	-1.8128	0.1995	163.7894	0.5267	0.002	0.6375	0.2667	0	0	1.0062	-1.8925	158.212	21	74.5	131
556	923	554	704	141	952	219.0091	0.0526	0.3777	0.585	0.585	0.02	0.02	0.02	-1.5799	0.585	213.6771	1.5154	0.0188	0.625	0.2667	0	0	1.025	-1.5708	212.5	2.929	59.3687	162
460	893	472.5	722	154	768	171.4563	0.0476	0.1759	0.2324	0.2324	0.0082	0.0082	0.0082	-1.4978	0.2324	168.6259	1.095	0.0056	0.6625	0.2667	0	0	1.0168	-1.5708	165.5	4.6	46.0262	126.7621
480.5	941.5	479	720.5	234	602	221.0051	0.037	0.3108	0.5597	0.5597	0.0158	0.0166	0.0166	-1.5776	0.5597	209.1949	0.894	0.011	0.6625	0.2667	0	0	1.0565	-1.1071	207.5	3.4	64.75	145.8184
486.5	911	488.5	759	127	480	152.0132	0.0588	0.4406	0.7557	0.7557	0.0284	0.0284	0.0284	-1.5576	0.7557	145.3788	1.1447	0.0224	0.625	0.2667	0	0	1.0456	-1.5708	144.5	2.9394	33	86.9
527	854	408.5	841.5	767	2413	119.1575	0.0156	0.0998	0.1665	0.1665	0.0046	0.005	0.005	-3.0365	0.1665	123.2916	0.1607	0.0013	0.6875	0.3333	0	2	0.9665	-2.3562	12	4.3562	11	12
405.5	916	505	877.5	763	658	106.6888	0.0111	0.1023	0.3984	0.3984	0.0191	0.0231	0.0231	-0.3692	0.3984	109.5469	0.1436	0.0062	0.6125	0.2667	0	3	0.9739	0	38	27.5	37	37.5
533.5	927	545.5	725	404	2341	202.3561	0.0204	0.1448	0.1696	0.1696	0.0078	0.0092	0.0092	-1.5115	0.1696	199.9579	0.4949	0.002	0.625	0.2667	0	0	1.012	-1.7682	198.5	19.1	73	144
533.5	909	544	932.25	1490	897	25.511	0.013	0.0802	0.2144	0.2144	0.0118	0.0118	0.0118	1.1466	0.2144	144.8872	0.0972	0.0021	0.6375	0.2667	0	1	0.1761	-1.5708	60.25	10.8612	22.5671	55.5041
527.5	908.5	552	662	235	2814	247.7146	0.0333	0.2717	0.6743	0.6743	0.0207	0.0242	0.0242	-1.4717	0.6743	246.9953	1.051	0.0114	0.65	0.2667	0	0	1.0029	-1.837	241	9.5	87.2315	186.3635
499.5	907.5	526	719.5	236	617	189.8585	0.0357	0.2599	0.3495	0.3495	0.0105	0.0112	0.0112	-1.4308	0.3495	187.9114	0.7962	0.0037	0.6375	0.2667	0	0	1.0104	-1.7682	183.062	9.6661	85	139.3667
396	891	481	900	1267	908	85.4751	0.0088	0.0325	0.1067	0.1067	0.0026	0.0061	0.0061	0.1055	0.1067	115.0431	0.0908	0.0011	0.65	0.2667	0	3	0.743	0	9	0.9	4.5	7
533.5	909.5	519.5	746.5	353	516	163.6001	0.0227	0.113	0.1642	0.1642	0.0051	0.0051	0.0051	-1.6565	0.1642	159.8327	0.4528	0.002	0.6375	0.2667	0	0	1.0236	-1.5708	158.5	15.2	59.5	114.6
506	928	503	749	229	6295	179.0251	0.0323	0.1141	0.6656	0.6656	0.0342	0.0388	0.0388	-1.5876	0.6656	176.3134	0.7699	0.0173	0.6125	0.2667	0	0	1.0154	-2.1588	172.5	3.4098	27.25	104.9
502.5	945	500.5	792	183	1072	153.0131	0.0455	0.1925	0.3853	0.3853	0.0101	0.0204	0.0204	-1.5839	0.3853	137.8795	0.7534	0.0068	0.6125	0.2667	0	0	1.1098	-2.191	137.5	6.5384	45	94.6192
567	843	565.5	688	148	2220	155.0073	0.0455	0.2269	0.3122	0.3122	0.0059	0.0128	0.0128	-1.5805	0.3122	146.1153	0.9873	0.004	0.6375	0.2667	0	0	1.0609	-1.5708	145.4576	7.3569	55.5	111.8
537.5	886	552.5	717	150	1955	169.6644	0.0455	0.3369	0.6214	0.6214	0.0233	0.038	0.038	-1.4823	0.6214	163.8429	1.0923	0.0109	0.625	0.2667	0	0	1.0355	-1.5708	163	7.6114	57.5	126.6
525	891.5	548.5	701.5	161	566	191.4478	0.0417	0.3438	0.5273	0.5273	0.0173	0.0299	0.0299	-1.4477	0.5273	185.9836	1.1552	0.0051	0.6375	0.2667	0	0	1.0294	-1.5708	183.5	16.014	69	122.6
505	904	518.6726	708.0574	131	609	196.419	0.0455	0.333	0.9893	0.9893	0.04	0.0626	0.0626	-1.5011	0.9893	196.0028	1.4962	0.0312	0.625	0.2667	0	0	1.0021	-1.6757	193	5.4152	60	137.9935
507.5	918.5	543.5	654	308	869	266.9387	0.025	0.1948	0.4384	0.4384	0.0143	0.02	0.02	-1.4355	0.4384	264.3199	0.8582	0.0072	0.6375	0.2667	0	0	1.0099	-1.837	256	11.5	80.5	195
504.5	925	518	710.5	176	892	214.9244	0.0385	0.3518	0.4883	0.4883	0.0158	0.0236	0.0236	-1.5079	0.4883	200.8957	1.1415	0.0107	0.625	0.2667	0	0	1.0698	-1.5708	200	9.6	68.5	143.4754
540	890	532.5	768	157	1293	122.2303	0.0455	0.1293	0.5558	0.5558	0.0189	0.0217	0.0217	-1.6322	0.5558	117.8163	0.7504	0.0161	0.6125	0.2667	0	0	1.0375	-1.5708	117.5	8.7	48.5	87.6
504.5	934	523.5	728	198	576	206.8744	0.0417	0.1259	0.158	0.158	0.0035	0.0035	0.0035	-1.4788	0.158	195.8597	0.9892	0.0028	0.625	0.2667	0	0	1.0562	-1.8925	194.0411	6.0405	60.5	144.7743
527	877	554	678.5	147	737	200.3279	0.0556	0.3321	0.5971	0.5971	0.0201	0.0201	0.0201	-1.4356	0.5971	196.7747	1.3386	0.0193	0.675	0.2667	0	0	1.0181	-1.5708	193.4287	6.8	77.5	144.3
530	892	536	754.5	141	476	137.6308	0.0455	0.293	0.5727	0.5727	0.0185	0.0593	0.0593	-1.5272	0.5727	134.5074	0.954	0.0145	0.6375	0.2667	0	0	1.0232	-1.5708	133.3415	7.1	47.0736	97.4
510.5	874	541.5	689.5	186	385	187.0862	0.0435	0.2781	0.2979	0.2979	0.0085	0.011	0.011	-1.4043	0.2979	183.3936	0.986	0.0028	0.6625	0.2667	0	0	1.0201	-1.5708	178.5	4.794	44.5	130.9126
505	906.5	492.5	670.5	224	511	236.3308	0.04	0.2857	0.286	0.286	0.007	0.007	0.007	-1.6237	0.286	232.0246	1.0358	0.0036	0.6375	0.2667	0	0	1.0186	-2.8198	229	1	45.6131	136.4039
538	903	525.5	651	252	1434	252.3098	0.0303	0.2528	0.5925	0.5925	0.0197	0.0362	0.0362	-1.6204	0.5925	249.7484	0.9911	0.0096	0.6625	0.2667	0	0	1.0103	-1.5708	248.5	10.9624	112.5012	210
518	880.5	461.3622	881	376	1666	56.64	0.0208	0.0602	0.0949	0.0949	0.0027	0.0051	0.0051	3.1328	0.0949	57.717	0.1535	0.0011	0.6375	0.2	0	2	0.9813	3.1416	0.5	0	0.5	0.5
513.5	920	513.5	728	146	557	192	0.0455	0.4175	0.558	0.558	0.0203	0.0215	0.0215	-1.5708	0.558	186.1866	1.2753	0.009	0.625	0.2667	0	0	1.0312	-1.5708	185	5.2	51.5	118.6
494.5	912	508.5	694	169	480	218.4491	0.04	0.4986	1.2296	1.2296	0.0493	0.0719	0.0719	-1.5067	1.2296	216.6164	1.2818	0.0317	0.65	0.2667	0	0	1.0085	-1.5708	215.1648	9.5	79.25	164.7909
473	889.5	498	707.5	165	542	183.709	0.0417	0.2559	0.4548	0.4548	0.0146	0.0237	0.0237	-1.4343	0.4548	173.3426	1.0506	0.0078	0.65	0.2667	0	0	1.0598	-1.4465	169.0538	2.6339	47	124.9
495.5	888.5	508	709	164	619	179.9347	0.0455	0.2633	1.1224	1.1224	0.0636	0.075	0.075	-1.5013	1.1224	176.8959	1.0786	0.0342	0.625	0.2667	0	0	1.0172	-1.5708	172.5	5.0757	44	109.8418
515.5	908	536.5	688.5	159	1796	220.5023	0.0455	0.3299	0.6804	0.6804	0.0438	0.0687	0.0687	-1.4754	0.6804	216.808	1.3636	0.0196	0.6375	0.2667	0	0	1.017	-1.8925	212.5	5.7995	55	143.488
461.5	928	497.5	724	162	1076	207.1521	0.0435	0.3471	0.7522	0.7522	0.0236	0.0397	0.0397	-1.3961	0.7522	193.7484	1.196	0.0149	0.65	0.2667	0	0	1.0692	-1.5708	190.5	3.7341	56.4274	135.1431
495	933.5	492.5	705.5	117	731	228.0137	0.0526	0.51	0.6768	0.6768	0.0219	0.038	0.038	-1.5818	0.6768	227.9139	1.948	0.0107	0.6875	0.2667	0	0	1.0004	-1.5708	221.5	8.3	71.0603	168.7
470	871	517	664.5	165	769	211.7811	0.0455	0.1436	0.4931	0.4931	0.0178	0.0205	0.0205	-1.347	0.4931	206.4275	1.2511	0.0133	0.6875	0.2667	0	0	1.0259	-1.5708	201	4.2909	75	158.1
456	932	472.5	715.5	197	7673	217.1278	0.0417	0.1527	0.3465	0.3465	0.0122	0.0197	0.0197	-1.4947	0.3465	210.2306	1.0672	0.006	0.6375	0.2667	0	0	1.0328	-1.5708	209	3.9891	49	130.8
532	935	557	712.5	180	2823	223.9001	0.0417	0.2	0.5204	0.5204	0.0219	0.0288	0.0288	-1.4589	0.5204	219.802	1.2211	0.0104	0.625	0.2667	0	0	1.0186	-1.1584	216	8.3127	88.5	155.7
508.5	924.5	572	651.5	217	587	280.2878	0.0345	0.2479	0.6419	0.6419	0.0319	0.0376	0.0376	-1.3423	0.6419	278.6431	1.2841	0.0131	0.65	0.2667	0	0	1.0059	-1.5708	267	7.9	82.8983	211.6561
509.5	912	559	674.5	163	534	242.6036	0.0455	0.5163	1.0746	1.0746	0.0291	0.0626	0.0626	-1.3653	1.0746	237.8594	1.4593	0.019	0.6375	0.2667	0	0	1.0199	-1.5708	230.5	7.5581	75.5	162.4
503.5	925.5	529	609	285	605	317.5256	0.0227	0.3201	0.723	0.723	0.0305	0.0445	0.0445	-1.4904	0.723	317.5713	1.1143	0.0096	0.6625	0.2667	0	0	0.9999	-1.8925	311	31.4	125	229.2363
471.5	915	497.5	657.5	255	582	258.8093	0.0294	0.3191	0.5783	0.5783	0.0212	0.0338	0.0338	-1.4702	0.5783	254.7289	0.9989	0.0082	0.6625	0.2667	0	0	1.016	-1.5708	252	15.3	95.5	192.4994
449	908.5	448.5	624	297	582	284.5004	0.0256	0.304	0.6392	0.6392	0.0253	0.0451	0.0451	-1.5726	0.6392	284.6009	0.9583	0.0112	0.6875	0.2667	0	0	0.9996	-1.5708	282.9947	6.3818	120.6956	223.4894
449.5	911.5	514	586.5	258	574	331.3386	0.0303	0.3123	0.474	0.474	0.0134	0.0134	0.0134	-1.3749	0.474	331.1477	1.2835	0.0082	0.6875	0.2667	0	0	1.0006	-2.0344	317.5	21.841	107.75	261.3
466	956	522.5	634	381	607	326.9193	0.0213	0.2093	0.4083	0.4083	0.0111	0.0125	0.0125	-1.3971	0.4083	321.1328	0.8429	0.0056	0.6375	0.2667	0	0	1.018	-1.1071	314.5	27.6274	125.75	249.2
623	865	395.5	735	531	1317	262.0234	0.0145	0.1311	0.1892	0.1892	0.0048	0.0097	0.0097	-2.6224	0.1892	270.2284	0.5089	0.0013	0.7	0.2667	0	2	0.9696	-2.4669	130	10.7062	79.75	125.3878
638.5	769	327	773.5	247	0	311.5325	0.0278	0.3679	1.271	1.271	0.0506	0.0791	0.0791	3.1271	1.271	314.3918	1.2728	0.0289	0.7	0.2667	0	2	0.9909	3.1416	26.5776	1.0679	8	22.4
608	869.5	418	870	375	674	190.0007	0.0196	0.1469	0.3054	0.3054	0.0125	0.0125	0.0125	3.139	0.3054	195.92	0.5225	0.0057	0.725	0.2667	0	2	0.9698	3.1416	12.5	0.506	5.6947	8.5
424.5	992.5	481	639.5	294	6379	357.493	0.0227	0.3639	1.2611	1.2611	0.0557	0.0783	0.0783	-1.4121	1.2611	363.3439	1.2359	0.0329	0.7	0.2667	0	0	0.9839	-1.3258	350.8761	17.8523	126.9836	281.2
372	973	335	684	239	607	291.3589	0.0345	0.5923	1.3849	1.3849	0.052	0.0527	0.0527	-1.6981	1.3849	290.8849	1.2171	0.0287	0.675	0.2667	0	0	1.0016	-1.5708	286.1699	18.8	113.253	253.9136
418.5	964	428.5	629	278	562	335.1492	0.0244	0.2986	0.902	0.902	0.0339	0.0468	0.0468	-1.541	0.902	331.0921	1.191	0.0153	0.6875	0.2667	0	0	1.0123	-1.5708	326.5	45.6	152.6122	273.1916
427	926	444.5	628.5	267	539	298.0143	0.0303	0.2305	0.5133	0.5133	0.0153	0.016	0.016	-1.512	0.5133	295.5052	1.1068	0.011	0.675	0.2667	0	0	1.0085	-1.4711	290.5	21.5	120.796	235.3488
422.5	959	428	635	343	567	324.0467	0.0208	0.2869	0.3374	0.3374	0.0115	0.0138	0.0138	-1.5538	0.3374	324.4885	0.946	0.0019	0.6625	0.2667	0	0	0.9986	-1.5708	321.1655	39.8388	128.5	250.2
404	885.5	505	589.5	309	425	312.7571	0.0238	0.2497	0.8708	0.8708	0.0339	0.0482	0.0482	-1.242	0.8708	317.592	1.0278	0.0186	0.6625	0.2667	0	0	0.9848	-1.5708	292	28.5579	132.7263	234.5
315.5	890.5	419.5	809	1024	685	132.1297	0.0078	0.0528	0.1123	0.1123	0.0036	0.0039	0.0039	-0.6647	0.1123	228.4085	0.2231	0.0016	0.6375	0.2667	0	3	0.5785	0	81.0553	23.5	38	67.1013
460	927.5	451.5	585	256	2170	342.6055	0.0323	0.621	0.621	0.621	0.0176	0.0176	0.0176	-1.5956	0.621	339.2139	1.3251	0.007	0.65	0.2667	0	0	1.01	-1.5708	337.5	9.0172	100.7524	257.2596
423	879.5	433	607	206	649	272.6834	0.0345	0.2472	0.2852	0.2852	0.0097	0.0097	0.0097	-1.5341	0.2852	263.832	1.2807	0.0046	0.6625	0.2667	0	0	1.0335	-1.5708	261.7494	22.3202	111.5	201.7857
413	916	399.5	675	297	823	241.3778	0.025	0.149	0.2433	0.2433	0.009	0.0095	0.0095	-1.6268	0.2433	239.4902	0.8064	0.0039	0.6375	0.2667	0	0	1.0079	-1.5708	237.8142	6.5	69.5	176.5
420.5	902.5	423.5	726	172	521	176.5255	0.0417	0.2599	0.391	0.391	0.013	0.0237	0.0237	-1.5538	0.391	173.1948	1.0069	0.0051	0.6375	0.2667	0	0	1.0192	-1.5708	172.5	4.7728	60	127.3
394	923.5	374.9862	691.7651	233	583	232.5136	0.0286	0.2009	0.2359	0.2359	0.0099	0.0195	0.0195	-1.6527	0.2359	232.4234	0.9975	0.0017	0.6625	0.2667	0	0	1.0004	-1.5708	231.5	8	87.2208	174
388.5	930.5	387	715	165	396	215.5052	0.0417	0.3151	1.013	1.013	0.0349	0.0452	0.0452	-1.5778	1.013	209.1293	1.2675	0.0247	0.6375	0.2667	0	0	1.0305	-1.5708	209	9.4181	92.5	164.7
397	929	392.5	722	219	840	207.0489	0.037	0.2536	0.5108	0.5108	0.0155	0.0159	0.0159	-1.5925	0.5108	201.3803	0.9195	0.0101	0.6375	0.2667	0	0	1.0281	-2.1112	200.5	8.4796	56.2717	119.3
416	905.5	421.5	665.5	251	611	240.063	0.0333	0.2397	0.3894	0.3894	0.0186	0.0211	0.0211	-1.5479	0.3894	238.8191	0.9515	0.0044	0.65	0.2667	0	0	1.0052	-1.5708	234	7	58.2991	181.5
414.5	918	405	758	203	678	160.2818	0.04	0.235	0.2408	0.2408	0.0036	0.0036	0.0036	-1.6301	0.2408	155.5563	0.7663	0.0026	0.6375	0.2667	0	0	1.0304	-1.5708	155	7	73.75	129
527.5	845	539.5	631.5	220	1554	213.837	0.0333	0.1963	0.3799	0.3799	0.0111	0.0134	0.0134	-1.5146	0.3799	210.5522	0.9571	0.0065	0.675	0.2667	0	0	1.0156	-1.3258	209	18	99.5	168.5
481	905.5	492.5	598	471	1116	307.715	0.0172	0.1508	0.3331	0.3331	0.0103	0.0153	0.0153	-1.5334	0.3331	304.2265	0.6459	0.0055	0.6375	0.2667	0	0	1.0115	-1.4056	299	21.3986	107.4083	227.4
451.5	923.5	472	725	162	615	199.5558	0.0435	0.191	0.2837	0.2837	0.009	0.009	0.009	-1.4679	0.2837	194.0444	1.1978	0.0068	0.625	0.2667	0	0	1.0284	-1.5708	192	8.9312	48.7034	131.9
463	905.5	462.5	757	313	686	148.5008	0.027	0.1477	0.1607	0.1607	0.0041	0.0041	0.0041	-1.5742	0.1607	146.61	0.4684	0.0019	0.6375	0.2667	0	0	1.0129	-1.6951	143.4316	8.6	45.7382	107.3
453	903.5	459	661.5	269	1089	242.0744	0.0278	0.1899	0.3321	0.3321	0.0101	0.0199	0.0199	-1.546	0.3321	239.6205	0.8908	0.0048	0.6625	0.2667	0	0	1.0102	-1.5708	238.5	10.2691	86.9706	186.1
417	919.5	449	709.5	173	548	212.4241	0.0455	0.1906	0.5312	0.5312	0.0146	0.0177	0.0177	-1.4196	0.5312	208.4297	1.2048	0.0137	0.65	0.2667	0	0	1.0192	-1.5708	203.5	5.4792	69.5	150.623
458.5	925.5	506.5	677	186	529	253.0934	0.0357	0.3449	0.9352	0.9352	0.0353	0.0568	0.0568	-1.38	0.9352	251.0405	1.3497	0.0197	0.65	0.2667	0	0	1.0082	-1.4056	242	10.9	85	172.4832
446	928	450	711	334	730	217.0369	0.025	0.1255	0.2237	0.2237	0.0058	0.0059	0.0059	-1.5524	0.2237	214.1411	0.6411	0.0039	0.6875	0.2667	0	0	1.0135	-1.5708	213.4486	12.6066	85.5	170.5
464.5	949	464.5	661.5	412	1119	287.5	0.0192	0.1383	0.3637	0.3637	0.0106	0.02	0.02	-1.5708	0.3637	285.8631	0.6938	0.0057	0.675	0.2667	0	0	1.0057	-1.7682	283.5	14	118.5	236.1495
394.5	907.5	411.5	697	145	372	211.1853	0.0556	0.4387	0.7464	0.7464	0.0401	0.0431	0.0431	-1.4902	0.7464	205.6699	1.4184	0.0274	0.675	0.2667	0	0	1.0268	-1.9196	202.4697	5.1044	49.5	133.8324
383.5	846.5	407.5	645.5	126	377	202.4278	0.0526	0.2711	0.6847	0.6847	0.0214	0.0256	0.0256	-1.452	0.6847	196.6319	1.5606	0.0185	0.6875	0.2667	0	0	1.0295	-1.5708	194.5	2.9019	53.2626	141.1
385.5	876	384	688	166	476	188.006	0.05	0.2065	0.3288	0.3288	0.0113	0.013	0.013	-1.5788	0.3288	169.388	1.0204	0.0073	0.6625	0.2667	0	0	1.1099	-1.8158	169	3.5	44.1755	120
433	888.5	436	671.5	230	1446	217.0207	0.0323	0.181	0.4643	0.4643	0.013	0.0212	0.0212	-1.557	0.4643	211.8762	0.9212	0.0087	0.6625	0.2667	0	0	1.0243	-2.8966	209.2011	8.5	57.5	144.6881
424.5	897.5	442	670	175	588	228.1721	0.04	0.3497	0.8365	0.8365	0.0272	0.0425	0.0425	-1.494	0.8365	230.5246	1.3173	0.0202	0.6375	0.2667	0	0	0.9898	-1.512	224.9406	3.5	75.75	177.5
428.5	855.5	439	624	210	609	231.738	0.0385	0.288	0.3002	0.3002	0.0093	0.0166	0.0166	-1.5255	0.3002	219.7147	1.0463	0.0032	0.675	0.2667	0	0	1.0547	-1.4464	217.5	5.6	69.3219	166.3566
405.5	933.5	418.5	701.5	196	641	232.3639	0.0385	0.2078	0.4553	0.4553	0.0164	0.0272	0.0272	-1.5148	0.4553	226.0376	1.1533	0.0081	0.65	0.2667	0	0	1.028	-1.5708	225.5	5.1728	68.5	159.4
417.5	920	430.5	704	180	955	216.3909	0.0435	0.2586	0.3334	0.3334	0.0074	0.0074	0.0074	-1.5107	0.3334	196.0745	1.0893	0.0045	0.65	0.2667	0	0	1.1036	-1.5708	195	6	52.75	123.9204
457.5	929.5	443	694	218	2089	235.946	0.0345	0.1447	0.3457	0.3457	0.0136	0.0207	0.0207	-1.6323	0.3457	230.4432	1.0571	0.0061	0.6625	0.2667	0	0	1.0239	-1.5708	229.5	7.4694	67.3902	167.5
433	936	424.5	707.5	1559	1283	228.658	0.0092	0.0289	0.5017	0.5017	0.0287	0.0463	0.0463	-1.608	0.5017	230.7947	0.148	0.0033	0.6	0.2667	0	0	0.9907	-1.5708	226.0601	10.9503	38	49.8
435	923.5	429.5	732.5	154	626	191.0792	0.0455	0.4052	0.8247	0.8247	0.0255	0.0481	0.0481	-1.5996	0.8247	185.1078	1.202	0.018	0.6375	0.2667	0	0	1.0323	-1.5708	184	5.1457	54.5	126.2648
433	923	442	713	175	505	210.1928	0.0357	0.3059	0.8743	0.8743	0.0311	0.05	0.05	-1.528	0.8743	203.8663	1.165	0.0223	0.625	0.2667	0	0	1.031	-1.5708	203	10.55	68.0761	143.456
396.5	920.5	385.5	753	160	735	167.8608	0.0526	0.2165	0.3595	0.3595	0.0116	0.0215	0.0215	-1.6364	0.3595	142.2741	0.8892	0.0067	0.625	0.2667	0	0	1.1798	-2.0344	141	4.3	34.5331	87.6
565	604.5	490	950.5	955	0	354.0353	0.0083	0.0605	0.6146	0.6146	0.0223	0.0765	0.0765	1.7843	0.6146	363.2244	0.3803	0.0131	0.65	0.2667	0	1	0.9747	1.989	343.5	102.1	272.4021	290.4971
79.5	254.5	81.5	256.5	59	0	2.8284	0.1429	0.0082	0.0156	0.0156	0.0005	0.0005	0.0005	0.7854	0.0156	2.9523	0.05	0.0005	0.6875	0.3333	0	1	0.9581	0.7854	1.234	0	0.4622	0.8
477	819.5	541.5	560.5	148	7214	266.9106	0.05	0.7632	0.8981	0.8981	0.0329	0.0354	0.0354	-1.3267	0.8981	271.7232	1.836	0.0217	0.6375	0.2667	0	0	0.9823	-1.4502	254.4212	11	109.7712	213
481.5	874.5	521	613.5	149	786	263.9721	0.05	0.4511	0.9369	0.9369	0.0252	0.0453	0.0453	-1.4206	0.9369	264.0131	1.7719	0.0138	0.625	0.2667	0	0	0.9998	-1.5708	253.5	7	71.0603	202
570.5	473	486.7803	97	1485	0	385.2077	0.0049	0.1296	1.8246	1.8246	0.0881	0.1201	0.1201	-1.7899	1.8246	1269.4554	0.8549	0.033	0.725	0.3333	0	0	0.3034	2.0899	415.5	74.717	215.5	375.4
461.5	315.5	382	821.5	335	817	512.2072	0.0217	0.1527	2.1141	2.1141	0.0886	0.1142	0.1142	1.7266	2.1141	523.5432	1.5628	0.0634	0.675	0.3333	0	1	0.9783	2.2531	503.5	126.7029	424.6695	470.5
445	382.5	375	662.5	239	433	288.6174	0.0278	0.1717	1.1047	1.1047	0.0513	0.0853	0.0853	1.8158	1.1047	293.3673	1.2275	0.0296	0.675	0.3333	0	1	0.9838	2.1176	279.84	61.9366	228.5	266.5779
454	861	633	236	155	5069	650.1277	0.0455	1.2093	2.4802	2.4802	0.1097	0.1585	0.1585	-1.2919	2.4802	650.3046	4.1955	0.0595	0.65	0.2667	0	0	0.9997	-1.4219	618	8.0761	112	420.2764
348.5	782.5	453.5	445.75	371	0	352.7401	0.0196	0.257	0.9014	0.9014	0.0362	0.0518	0.0518	-1.2685	0.9014	354.2706	0.9549	0.0182	0.6	0.2667	0	0	0.9957	-1.9513	336.5	37.2	215.5	329.4298
335	807	527	316.5	438	631	526.7393	0.0159	0.3002	1.034	1.034	0.0393	0.0571	0.0571	-1.1977	1.034	527.2666	1.2038	0.0173	0.6	0.2667	0	0	0.999	-1.5708	490.0018	54.1275	346.1517	478.4
357	819	479	474.25	583	2121	365.7001	0.0115	0.1553	0.5664	0.5664	0.0216	0.0412	0.0412	-1.2307	0.5664	369.5492	0.6339	0.0057	0.6	0.2667	0	0	0.9896	-1.2649	344.5	76	257	334.7954
534	490.5	499.5	799.5	366	3518	310.92	0.0189	0.1926	0.7056	0.7056	0.0293	0.0388	0.0388	1.682	0.7056	313.9973	0.8579	0.0175	0.5875	0.2667	0	1	0.9902	2.0344	308.7241	79.4	246.097	302.0432
513.5	607	462.5	871.5	269	615	269.372	0.0256	0.1972	0.5516	0.5516	0.022	0.0252	0.0252	1.7613	0.5516	268.9128	0.9997	0.0063	0.575	0.2667	0	1	1.0017	1.8925	263.5	40.0672	151.9413	239.5
521.5	843.5	585.5	252.9457	1000	0	594.0121	0.007	0.1675	0.3261	0.3261	0.0094	0.0185	0.0185	-1.4628	0.3261	606.97	0.607	0.0012	0.6	0.2667	0	0	0.9787	-1.5708	590.5	111.7469	321.3162	511.6
438.5	790	484	655.7488	1004	0	141.752	0.0095	0.1028	0.729	0.729	0.0296	0.0425	0.0425	-1.244	0.729	504.7809	0.5028	0.0071	0.625	0.2667	0	0	0.2808	-2.0345	312.75	134.5	210.7035	302.5
421.5	899.5	456.5	613.5	2023	0	288.1336	0.0043	0.0726	0.675	0.675	0.0279	0.0502	0.0502	-1.449	0.675	881.2093	0.4356	0.0062	0.575	0.2667	0	0	0.327	-1.4601	285	19	43.2423	224.0511
428	843	449	553	399	745	290.7594	0.0175	0.1603	0.5052	0.5052	0.0188	0.0247	0.0247	-1.4985	0.5052	291.8462	0.7314	0.007	0.6	0.2667	0	0	0.9963	-1.5708	289	47.9	191	271.2264
403	880.5	456.5	349.5	505	570	533.6883	0.0133	0.1947	0.9202	0.9202	0.0387	0.0611	0.0611	-1.4704	0.9202	535.6325	1.0607	0.0142	0.625	0.2667	0	0	0.9964	-1.5708	530.5	106	387.1885	512.5
396	879.5	495	554	410	629	340.2224	0.0161	0.2143	1.0047	1.0047	0.0481	0.0667	0.0667	-1.2755	1.0047	342.0869	0.8344	0.0205	0.6125	0.2667	0	0	0.9945	-1.8158	325.4353	34.1184	200.6357	315.5313
663	564.5	462.4466	546.9262	134	390	201.3219	0.0455	0.4316	1.3145	1.3145	0.0587	0.0743	0.0743	-3.0542	1.3145	202.5907	1.5119	0.0365	0.6125	0.3333	0	2	0.9937	-2.6422	17.5	0.9033	7	12.0367
656	848.5	526	874.5	86	1001	132.5745	0.0769	0.3349	0.7789	0.7789	0.0426	0.0461	0.0461	2.9442	0.7789	115.25	1.3401	0.0439	0.5875	0.2667	0	2	1.1503	3.1416	20.9376	0	2.1793	11.0173
581	532.5	549.1968	860	450	915	329.0406	0.0179	0.1476	0.7148	0.7148	0.0316	0.0375	0.0375	1.6676	0.7148	334.1101	0.7425	0.0126	0.5875	0.2667	0	1	0.9848	1.5708	328.75	61.8	278.5	327.5
558	537.5	466.5	899.863	384	768	373.7368	0.0175	0.1939	0.6186	0.6186	0.0249	0.0351	0.0351	1.8181	0.6186	376.5698	0.9807	0.0069	0.5875	0.2667	0	1	0.9925	2.0344	362	69.1	256.9588	345.6
503	486.5	514.5	880.75	912	2285	394.4177	0.0086	0.0447	0.67	0.67	0.033	0.0427	0.0427	1.5416	0.67	395.227	0.4334	0.0109	0.6125	0.2667	0	1	0.998	1.5708	394	223.211	359.1054	381.719
495	425	663	248	724	0	244.0348	0.0103	0.1842	3.0273	3.0273	0.1259	0.2014	0.2014	-0.8115	3.0273	1263.4326	1.7451	0.0578	0.575	0.2667	0	0	0.1932	1.8925	507.5	144.4056	463.2453	506.5
614	322.5	459.6376	1021.4036	133	1146	715.7471	0.05	1.5257	2.8348	2.8348	0.1238	0.1735	0.1735	1.7882	2.8348	666.6489	5.0124	0.0585	0.6	0.2667	0	1	1.0736	2.09	642.5	12.7875	110.6509	389
461.5	831.5	471	644	449	0	187.7405	0.0185	0.1042	0.3205	0.3205	0.0112	0.018	0.018	-1.5202	0.3205	195.5637	0.4356	0.0052	0.6875	0.2667	0	0	0.96	2.678	191.027	29.1901	144.5	188.6
598.5	615.5	389.25	675	501	0	217.545	0.0132	0.0708	0.8146	0.8146	0.0423	0.114	0.114	2.8646	0.8146	222.744	0.4446	0.0172	0.625	0.2667	0	2	0.9767	2.7367	59.5	25.5316	53	58.4568
294.5	779	511	990.5	1066	1735	302.6624	0.0067	0.1327	0.4387	0.4387	0.0198	0.0354	0.0354	0.7737	0.4387	408.3415	0.3831	0.0035	0.6	0.2667	0	3	0.7412	2.6779	209.0915	4.5	12.5	103
519	703.5	484	935	446	1303	234.1308	0.0147	0.1645	0.4113	0.4113	0.0165	0.0309	0.0309	1.7208	0.4113	237.6435	0.5328	0.0055	0.5625	0.2667	0	1	0.9852	2.7367	229.4026	16.0075	100	182.5
561.5	710.5	292.5	937.5	423	1259	351.9801	0.0159	0.1954	1.3124	1.3124	0.0681	0.3529	0.3529	2.4407	1.3124	350.1426	0.8278	0.0352	0.6	0.2667	0	2	1.0052	2.3562	225.5	37	147.75	201.125
546	798.5	247.5	911.5	384	2194	319.1728	0.0164	0.2785	0.5741	0.5741	0.0236	0.0434	0.0434	2.7797	0.5741	321.1345	0.8363	0.0044	0.5875	0.2667	0	2	0.9939	3.1416	112.8577	10.7	60.5542	105.8506
553	829	296.25	979	569	3886	297.356	0.0118	0.1138	1.088	1.088	0.0585	0.1488	0.1488	2.6129	1.088	298.9262	0.5254	0.0286	0.5875	0.2667	0	2	0.9947	3.1416	150.157	33	111.5	145
536	799.5	216.5	1010.5	2970	900	382.8854	0.0051	0.0306	1.4688	1.4688	0.0814	0.2902	0.2902	2.5579	1.4688	410.2968	0.1381	0.0087	0.6	0.2667	0	2	0.9332	2.8633	210.5	118	131.0095	158.5
344	875.5	536	790.5	141	4137	209.9738	0.0455	0.5288	2.5397	2.5397	0.1416	0.1467	0.1467	-0.4168	2.5397	208.529	1.4789	0.0965	0.6125	0.2667	0	3	1.0069	-1.0304	84.1303	1.75	25.5	63.0494
379.5	972.5	424.5	722.5	198	1143	254.0177	0.0323	0.2995	1.1795	1.1795	0.0434	0.1367	0.1367	-1.3927	1.1795	249.3502	1.2593	0.0303	0.5875	0.2667	0	0	1.0187	-1.1526	242.5	10.7682	78.6012	173.9419
270.5	912.5	447.5	847.5	162	521	188.5577	0.0385	0.4105	0.8196	0.8196	0.0274	0.0453	0.0453	-0.3519	0.8196	184.8786	1.1412	0.0175	0.6	0.2667	0	3	1.0199	0	63.9752	3.5904	26	52.0985
316.5	999	487	838	339	7811	234.5021	0.02	0.1925	1.1783	1.1783	0.0587	0.1492	0.1492	-0.7567	1.1783	235.1629	0.6937	0.0371	0.575	0.2667	0	3	0.9972	-0.7855	160.8053	35.319	123	155.6041
294	1018.5	290.5	1034.5	891	1263	16.3783	0.0089	0.0578	0.3991	0.3991	0.0174	0.0437	0.0437	1.7862	0.3991	231.5179	0.2598	0.0054	0.575	0.2667	0	1	0.0707	-1.0517	55.038	13.0507	39.5	51.7359
550	813.5	395.25	878.5	615	1147	167.8468	0.0112	0.0406	0.4535	0.4535	0.0243	0.0914	0.0914	2.7439	0.4535	170.6426	0.2775	0.0089	0.5625	0.2667	0	2	0.9836	3.1416	65	4.9587	24.1886	64.072